St„davtalNr	Radnummer	Konto	Ansvar	Projekt	Anl	Verksamhet	Aktivitet	Motpart	Objekt/Frikod	MK	MS	Period	Periodiseringsnyckel	 Val.belopp 	Valuta	 Belopp 	Text	
1	1	6132	70322			5520	7600	180	8964			202501		 15 588 		 15 588 	F„laden st”dboende/akutboende	
1	2	3153	41612			9347	8032	170	8964			202501		-2 420 		-2 420 	F„laden st”dboende/akutboende	
1	3	3153	41612			9347	8035	170	8964			202501		-359 		-359 	F„laden st”dboende/akutboende	
1	4	3153	41632			9349	8036	170	8964			202501		-12 809 		-12 809 	F„laden st”dboende/akutboende	
2	5	6132	80350			3408	8105	180	8994			202501		 13 562 		 13 562 	Albanoskolan Idrottshall 	
2	6	3153	41623			9349	8036	180	8994			202501		-13 562 		-13 562 	Albanoskolan Idrottshall 	
3	7	6132	80350			3408	8105	180	8989			202501		 38 444 		 38 444 	Asmundtorp Idrottshall 	
3	8	3153	41621			9349	8036	180	8989			202501		-38 444 		-38 444 	Asmundtorp Idrottshall 	
4	9	6132	80350			3405	8105	180	6020			202501		 29 899 		 29 899 	BOIS Omkl.rum + L„ktarbadet	
4	10	3153	41621			9349	8036	180	8902			202501		-29 899 		-29 899 	BOIS Omkl.rum + L„ktarbadet	
4	11	6132	80350			3405	8105	180	6020			202501		 1 201 		 1 201 	BOIS Omkl.rum + L„ktarbadet	
4	12	3153	41621			9349	8032	180	8902			202501		-1 201 		-1 201 	BOIS Omkl.rum + L„ktarbadet	
5	13	6132	80350			3405	8105	180				202501		 1 821 		 1 821 	Borstahusen bod/fikarum/omkl„dningsrum	
5	14	3153	41621			9347	8036	180				202501		-1 821 		-1 821 	Borstahusen bod/fikarum/omkl„dningsrum	
5	15	6132	80350			3405	8105	180				202501		 151 		 151 	Borstahusen bod/fikarum/omkl„dningsrum	
5	16	3153	41612			9347	8032	180				202501		-151 		-151 	Borstahusen bod/fikarum/omkl„dningsrum	
5	17	6132	80350			3405	8105	180				202501		 26 		 26 	Borstahusen bod/fikarum/omkl„dningsrum	
5	18	3153	41612			9347	8035	180				202501		-26 		-26 	Borstahusen bod/fikarum/omkl„dningsrum	
6	19	6132	30525			5145	3111	180	0365			202501		 596 		 596 	Anh”rigcenter Kung Karl	
6	20	6132	30525			5145	3111	180	0365			202501		 1 638 		 1 638 	Anh”rigcenter Kung Karl	
6	21	6132	30525			5145	3111	180	0365			202501		 12 053 		 12 053 	Anh”rigcenter Kung Karl	
6	22	3153	41633			9349	8036	130	0365			202501		-12 053 		-12 053 	Anh”rigcenter Kung Karl	
6	23	3153	41612			9347	8032	130	0365			202501		-1 638 		-1 638 	Anh”rigcenter Kung Karl	
6	24	3153	41612			9347	8035	130	0365			202501		-596 		-596 	Anh”rigcenter Kung Karl	
7	25	6132	33204			5105	3111	180				202501		 25 633 		 25 633 	Artillerigatan	
7	26	3153	41633			9349	8036	130				202501		-25 633 		-25 633 	Artillerigatan	
7	27	6132	33205			5120	3111	180				202501		 1 536 		 1 536 	Artillerigatan 	
7	28	3153	41633			9349	8036	130				202501		-1 536 		-1 536 	Artillerigatan 	
8	29	6132	62200			3200	6211	180	6261			202501		 3 204 		 3 204 	Bibl.filial Glumsl”v 	
8	30	3153	41623			9349	8036	162	0103			202501		-3 204 		-3 204 	Bibl.filial Glumsl”v 	
9	31	6460	62200			3200	6211	180				202501		 148 		 148 	Biblioteket	
9	32	6460	62200			3200	6211	180				202501		 2 068 		 2 068 	Biblioteket	
9	33	6132	62200			3200	6211	180				202501		 43 503 		 43 503 	Biblioteket	
10	34	3153	41621			9349	8036	150	015610			202501		-25 794 		-25 794 	Bj”rkbacken 	
10	35	6132	59250			9180	8105	180	015610			202501		 25 794 		 25 794 	Bj”rkbacken 	
11	36	3153	41621			9349	8036	150	015611			202501		-14 409 		-14 409 	Bj”rkbacken omkl.rum	
11	37	6132	59250			9125	8105	180	015611			202501		 14 409 		 14 409 	Bj”rkbacken omkl.rum	
12	38	3153	41612			9347	8036	180				202501		-8 278 		-8 278 	Delta	
12	39	6132	80671			9365	8115	180				202501		 2 649 		 2 649 	Delta	
12	40	6132	80671			9366	8115	180				202501		 2 048 		 2 048 	Delta	
12	41	6132	80671			9368	8115	180				202501		 3 581 		 3 581 	Delta	
13	42	6132	54001			2700	6138	180	0115			202501		 35 241 		 35 241 	Brandstationen 	
13	43	3153	41621			9349	8036	150	0115			202501		-35 241 		-35 241 	Brandstationen 	
14	44	6132	31081			5108	3111	180	0365			202501		 7 094 		 7 094 	Daglig verksamhet Kung Karl	
14	45	3153	41633			9349	8036	130	0365			202501		-6 407 		-6 407 	Daglig verksamhet Kung Karl	
14	46	3153	41612			9347	8035	130				202501		-686 		-686 	Daglig verksamhet Kung Karl	
15	47	6132	80350			3408	8105	180	8992			202501		 9 732 		 9 732 	Glumsl”v Idrottshall  	
15	48	3153	41623			9349	8036	180	8992			202501		-9 732 		-9 732 	Glumsl”v Idrottshall  	
16	49	3153	41632			9349	8036	150	001110			202501		-6 486 		-6 486 	Facken	
16	50	6132	50400			9258	5030	180	001110			202501		 6 486 		 6 486 	Facken	
17	51	3153	41612			9347	8036	130	8953			202501		-1 319 		-1 319 	Falkens trappa	
17	52	6132	32159			5202	3111	180	8953			202501		 1 319 		 1 319 	Falkens trappa, St Strandgatan	
18	53	6132	31011			5101	3111	180	0020			202501		 30 604 		 30 604 	F„ladsg†rden - Hemv†rden 	
18	54	6132	31013			5101	3111	180	0020			202501		 30 604 		 30 604 	F„ladsg†rden - Hemv†rden 	
18	55	6132	31014			5104	3111	180	0020			202501		 17 264 		 17 264 	F„ladsg†rden - Hemv†rden 	
18	56	3153	41632			9349	8036	130	0020			202501		-35 279 		-35 279 	F„ladsg†rden - Hemv†rden 	
18	57	3153	41612			9347	8035	130	0020			202501		-1 314 		-1 314 	F„ladsg†rden - Hemv†rden 	
18	58	3153	41612			9347	8032	130	0020			202501		-17 221 		-17 221 	F„ladsg†rden - Hemv†rden 	
18	59	3153	41632			9349	8036	130	0020			202501		-5 748 		-5 748 	F„ladsg†rden - Hemv†rden 	
18	60	3153	41632			9349	8036	130	0020			202501		-5 748 		-5 748 	F„ladsg†rden - Hemv†rden 	
18	61	3153	41632			9349	8036	130	0020			202501		-4 757 		-4 757 	F„ladsg†rden - Hemv†rden 	
18	62	3153	41632			9349	8036	130	0020			202501		-3 568 		-3 568 	F„ladsg†rden - Hemv†rden 	
18	63	3153	41612			9347	8032	130	0020			202501		-1 196 		-1 196 	F„ladsg†rden - Hemv†rden 	
18	64	3153	41612			9347	8032	130	0020			202501		-1 196 		-1 196 	F„ladsg†rden - Hemv†rden 	
18	65	3153	41612			9347	8032	130	0020			202501		-990 		-990 	F„ladsg†rden - Hemv†rden 	
18	66	3153	41612			9347	8032	130	0020			202501		-744 		-744 	F„ladsg†rden - Hemv†rden 	
18	67	3153	41612			9347	8035	130	0020			202501		-206 		-206 	F„ladsg†rden - Hemv†rden 	
18	68	3153	41612			9347	8035	130	0020			202501		-206 		-206 	F„ladsg†rden - Hemv†rden 	
18	69	3153	41612			9347	8035	130	0020			202501		-171 		-171 	F„ladsg†rden - Hemv†rden 	
18	70	3153	41612			9347	8035	130	0020			202501		-128 		-128 	F„ladsg†rden - Hemv†rden 	
19	71	6132	80350			3408	8105	180	6031			202501		 9 783 		 9 783 	Gymnastikens hus	
19	72	3153	41632			9349	8036	180	6031			202501		-9 783 		-9 783 	Gymnastikens hus	
20	73	6132	92400			4400	9502	180	007111			202501		 308 		 308 	Glumsl”vsskola	
20	74	3153	41623			9349	8032	120	007111			202501		-308 		-308 	Glumsl”vsskola	
21	75	6132	80350			3408	8105	180	08305			202501		 6 489 		 6 489 	H„rsl”vskola Idrottshall 	
21	76	3153	41623			9349	8036	180	8995			202501		-6 489 		-6 489 	H„rsl”vskola Idrottshall 	
22	77	6132	32307			5210	3111	180	8970			202501		 153 		 153 	Hjalmar Brantingsv„gen 11E	
22	78	6132	32307			5210	3111	180	8970			202501		 2 805 		 2 805 	Hjalmar Brantingsv„gen 11E	
22	79	6132	32307			5210	3111	180	8970			202501		 12 808 		 12 808 	Hjalmar Brantingsv„gen 11E	
22	80	3153	41611			9349	8036	130	8970			202501		-12 808 		-12 808 	Hjalmar Brantingsv„gen 11E	
22	81	3153	41612			9347	8032	130	8970			202501		-2 805 		-2 805 	Hjalmar Brantingsv„gen 11E	
22	82	3153	41612			9347	8035	130	8970			202501		-153 		-153 	Hjalmar Brantingsv„gen 11E	
23	83	6132	70261			5688	7600	180				202501		 4 493 		 4 493 	F„ltgruppen Kungsgatan 11, v†n 2	
23	84	3153	41612			9347	8036	170				202501		-801 		-801 	F„ltgruppen Kungsgatan 11, v†n 2	
23	85	3153	41612			9347	8036	170				202501		-3 692 		-3 692 	F„ltgruppen Kungsgatan 11, v†n 2	
24	86	6132	80350			3405	8105	180	08311			202501		 53 155 		 53 155 	Idrottshall Borstahusen 	
24	87	3153	41621			9349	8036	180	8903			202501		-53 155 		-53 155 	Idrottshall Borstahusen 	
24	88	6132	80350			3405	8105	180	08311			202501		 3 419 		 3 419 	Idrottshall Borstahusen 	
24	89	3153	41621			9349	8032	180	8903			202501		-3 419 		-3 419 	Idrottshall Borstahusen 	
25	90	6132	91300			4071	9502	180	006831			202501		 77 		 77 	H„rsl”vs fsk	
25	91	6132	91300			4071	9502	180	006831			202501		 215 		 215 	H„rsl”vs fsk	
25	92	3153	41612			9347	8035	120	006831			202501		-215 		-215 	H„rsl”vs fsk	
25	93	3153	41623			9349	8032	120	006831			202501		-77 		-77 	H„rsl”vs fsk	
26	94	3153	41612			9347	8036	180				202501		-5 600 		-5 600 	IP Guld„ngen	
26	95	6132	80350			3405	8122	180				202501		 5 600 		 5 600 	IP Guld„ngen	
27	96	6132	92300			4400	9502	180	006821			202501		 77 		 77 	H„rsl”vskolan	
27	97	6132	92300			4400	9502	180	006821			202501		 430 		 430 	H„rsl”vskolan	
27	98	3153	41612			9347	8035	120	006821			202501		-430 		-430 	H„rsl”vskolan	
27	99	3153	41623			9349	8032	120	006821			202501		-77 		-77 	H„rsl”vskolan	
28	100	6132	80350			3405	8105	180	08308			202501		 28 793 		 28 793 	Ishall 	
28	101	3153	41621			9349	8036	180	8909			202501		-28 793 		-28 793 	Ishall 	
28	102	6132	80350			3405	8105	180	08308			202501		 2 412 		 2 412 	Ishall 	
28	103	3153	41621			9349	8032	180	8909			202501		-2 412 		-2 412 	Ishall 	
29	104	3153	41611			9349	8032	180	0005			202501		-3 208 		-3 208 	Stadens f”rr†d 	
30	105	6132	70260			5681	7600	180				202501		 5 645 		 5 645 	Barn & unga ™V-huset v†n 3	
31	106	6132	80350			3405	8105	180	6020			202501		 64 073 		 64 073 	Karlslunds idrottshall	
31	107	3153	41621			9349	8036	180	8906			202501		-64 073 		-64 073 	Karlslunds idrottshall	
31	108	6132	80350			3405	8105	180	6020			202501		 6 757 		 6 757 	Karlslunds idrottshall	
31	109	3153	41621			9349	8036	180	8906			202501		-6 757 		-6 757 	Karlslunds idrottshall	
31	110	6132	80350			3405	8105	180	6020			202501		 1 731 		 1 731 	Karlslunds idrottshall	
31	111	3153	41612			9347	8035	180	8906			202501		-1 731 		-1 731 	Karlslunds idrottshall	
32	112	6132	95100			4799	9502	180	039111			202501		 6 432 		 6 432 	Industriprogrammet	
32	113	3153	41612			9347	8032	120	039111			202501		-6 432 		-6 432 	Industriprogrammet	
33	114	6132	80350			3405	8105	180	6057			202501		 17 843 		 17 843 	Karslund Omkl.rum kontor	
33	115	3153	41621			9349	8036	180	8908			202501		-17 843 		-17 843 	Karslund Omkl.rum kontor	
34	116	6132	80370			3402	8105	180				202501		 2 446 		 2 446 	Lill-Olas 	
34	117	3153	41612			9347	8036	180	0001			202501		-2 446 		-2 446 	Lill-Olas 	
35	118	3153	41611			9349	8036	162				202501		 -   		 -   	™V-huset  v†n 1&2 uppsagd 20241231	
36	119	6132	32301			5210	3111	180				202501		 1 039 		 1 039 	Parkgatan, daglig verksamhet	
36	120	6132	32301			5210	3111	180				202501		 2 443 		 2 443 	Parkgatan, daglig verksamhet	
36	121	6132	32301			5210	3111	180				202501		 204 		 204 	Parkgatan, daglig verksamhet	
36	122	3153	41632			9349	8036	130				202501		-2 443 		-2 443 	Parkgatan, daglig verksamhet	
36	123	3153	41612			9347	8036	130				202501		-1 039 		-1 039 	Parkgatan, daglig verksamhet	
36	124	3153	41612			9347	8035	130				202501		-204 		-204 	Parkgatan, daglig verksamhet	
37	125	3153	41612			9347	8036	170	0165			202501		-22 830 		-22 830 	Kolet  	
37	126	3153	41612			9347	8035	170	0165			202501		-306 		-306 	Kolet	
37	127	3153	41612			9347	8036	170	0165			202501		-2 673 		-2 673 	Kolet	
37	128	6132	70326			5583	7600	180				202501		 25 809 		 25 809 	Kolet	
38	129	6132	95100			4799	9502	180	034011			202501		 5 609 		 5 609 	Komvux	
38	130	6132	95100			4799	9502	180	034011			202501		 23 158 		 23 158 	Komvux	
38	131	3153	41633			9349	8036	120	034011			202501		-23 158 		-23 158 	Komvux	
38	132	3153	41612			9347	8035	120	034011			202501		-5 609 		-5 609 	Komvux	
39	133	3153	41622			9349	8036	162	0395			202501		-38 444 		-38 444 	Kulturskolan	
39	134	6132	62600			3300	6211	180	0395			202501		 42 014 		 42 014 	Kulturskolan	
39	135	3153	41612			9347	8035	162	0395			202501		-403 		-403 	Kulturskolan 	
39	136	3153	41612			9347	8035	162				202501		-3 167 		-3 167 	Kulturskolan 	
40	137	3153	41632			9349	8036	170	0304			202501		-29 141 		-29 141 	Kungsgatan 13 	
40	138	6132	70300			9243	7600	180				202501		 33 541 		 33 541 	Kungsgatan 13 	
40	139	3153	41612			9347	8035	170	0304			202501		-3 547 		-3 547 	Kungsgatan 13 	
40	140	3153	41612			9347	8035	170	0304			202501		-853 		-853 	Kungsgatan 13 	
41	141	3153	41633			9349	8036	170	0382			202501		-19 222 		-19 222 	Kvinnohuset	
41	142	6132	70290			5712	7600	180				202501		 19 222 		 19 222 	Kvinnohuset	
42	143	3153	41632			9349	8036	170	0372			202501		-2 365 		-2 365 	Lilla strandg 1 Hamn 	
42	144	3153	41632			9349	8032	170	0372			202501		-1 026 		-1 026 	Lilla strandg 1 Hamn 	
42	145	3153	41632			9349	8036	170	0372			202501		-213 		-213 	Lilla strandg 1 Hamn 	
42	146	6132	70340			5204	7600	180				202501		 213 		 213 	Lilla strandg 1 Hamn 	
42	147	6132	70340			5204	7600	180				202501		 1 026 		 1 026 	Lilla strandg 1 Hamn 	
42	148	6132	70340			5204	7600	180				202501		 2 365 		 2 365 	Lilla strandg 1 Hamn 	
43	149	6132	80370			2601	8105	180				202501		 172 118 		 172 118 	Offentliga toaletter 	
43	150	3153	41612			9347	8036	180	8988			202501		-172 118 		-172 118 	Offentliga toaletter 	
44	151	6132	80350			3408	8105	180				202501		 13 079 		 13 079 	Pil„ngskolan Idrottshall 	
44	152	3153	41622			9349	8036	180	8993			202501		-13 079 		-13 079 	Pil„ngskolan Idrottshall 	
44	153	6132	80350			3408	8105	180				202501		 2 209 		 2 209 	Pil„ngskolan Idrottshall 	
44	154	3153	41612			9347	8036	180	8993			202501		-2 209 		-2 209 	Pil„ngskolan Idrottshall 	
45	155	3153	41632			9349	8036	162	0015			202501		-51 493 		-51 493 	Museet	
45	156	6132	62400			3151	6211	180				202501		 51 493 		 51 493 	Museet	
45	157	3153	41612			9347	8035	162				202501		-85 		-85 	Museetÿ 	
45	158	6460	62400			3151	6211	180				202501		 85 		 85 	Museetÿ 	
46	159	3153	41623			9349	8036	150	014670			202501		-38 472 		-38 472 	Nya fsk Glumsl”v 	
46	160	6132	59240			9180	8105	180	014670			202501		 38 472 		 38 472 	Nya fsk Glumsl”v 	
47	161	3153	41632			9349	8036	130	8985			202501		-12 829 		-12 829 	Pj„sgatan 4b DV 	
47	162	6132	32302			5210	3111	180				202501		 12 829 		 12 829 	Pj„sgatan 4b DV 	
48	163	3153	41632			9349	8032	162				202501		-153 		-153 	R†dhuset	
48	164	6460	62500			9262	6211	180				202501		 153 		 153 	R†dhuset	
49	165	3153	41632			9349	8036	162	8947			202501		-1 529 		-1 529 	R†dhuset fd Fr”fabriken	
49	166	6132	62500			9262	6211	180	6268			202501		 1 529 		 1 529 	R†dhuset fd Fr”fabriken	
50	167	3153	41632			9349	8036	162	001114			202501		-16 977 		-16 977 	R†dhuset, v†n 1	
50	168	3153	41612			9347	8035	162	001114			202501		-372 		-372 	R†dhuset, v†n 1	
50	169	6132	62500			9262	6211	180	001114			202501		 17 349 		 17 349 	R†dhuset, v†n 1	
30	170	3153	41611			9349	8036	170				202501		-5 645 		-5 645 	Barn & unga ™V-huset v†n 3	
51	171	6132	70313			5750	7600	180				202501		 64 184 		 64 184 	R†dmansgatan	
52	172	3153	41632			9349	8036	170	0331			202501		-16 036 		-16 036 	R†dstugan	
52	173	3153	41612			9347	8032	170	0331			202501		-2 420 		-2 420 	R†dstugan	
52	174	6132	70231			5686	7600	180				202501		 20 323 		 20 323 	R†dstugan	
52	175	3153	41612			9347	8032	170	0331			202501		-1 868 		-1 868 	R†dstugan	
53	176	6133	92110			4400	9502	180	005911			202501		 3 207 		 3 207 	Sand†kersskolan extratj„nst m†ltid	
53	177	3153	41621			9363	8000	120	005911			202501		-3 207 		-3 207 	Sand†kersskolan extratj„nst m†ltid	
54	178	3153	41632			9349	8036	162				202501		-5 126 		-5 126 	Fotostaden	
54	179	6132	62400			3161	6211	180				202501		 5 126 		 5 126 	Fotostaden	
55	180	3153	41633			9363	8000	120				202501		-10 985 		-10 985 	™reundsgymnasiet Servering frukost 202408-202412	
55	181	7460	94100			4500	9520	180				202501		 10 985 		 10 985 	™reundsgymnasiet Servering frukost 202408-202412	
56	182	3153	41633			9349	8045	120				202501		-3 214 		-3 214 	™reundsgymnasiet 	
56	183	6132	94100			4500	9502	180				202501		 3 214 		 3 214 	™reundsgymnasiet 	
57	184	6132	93010			4600	9502	180				202501		 459 		 459 	V„sterv†ng S„rskolan	
57	185	3153	41623			9349	8045	120				202501		-459 		-459 	V„sterv†ng S„rskolan	
58	186	6132	62400			3151	6211	180	6229			202501		 7 323 		 7 323 	Stuverig. 5 - Magasinet	
58	187	3153	41632			9349	8032	162				202501		-7 323 		-7 323 	Stuverig. 5 - Magasinet	
59	188	3153	41612			9347	8036	130				202501		-6 430 		-6 430 	Yarahuset v†n 2 Uppsagd - 250331	
59	189	6132	32308			5210	3111	180				202501		 6 430 		 6 430 	Yarahuset v†n 2 Uppsagd - 250331	
60	190	3153	41612			9347	8032	130	0365			202501		-431 		-431 	Verksamhet Kung Karl	
60	191	3153	41612			9347	8035	130	0365			202501		-93 		-93 	Verksamhet Kung Karl	
60	192	6132	30525			5145	3111	180				202501		 93 		 93 	Verksamhet Kung Karl	
60	193	6132	30525			5145	3111	180				202501		 431 		 431 	Verksamhet Kung Karl	
61	194	3153	41621			9349	8036	130	8960			202501		-12 977 		-12 977 	Varggatan A  	
61	195	6132	32303			5210	3111	180				202501		 12 977 		 12 977 	Varggatan A  	
62	196	3153	41612			9347	8035	130	8919			202501		-1 280 		-1 280 	V F„laden Tr„ffpunkten Matsalen 	
62	197	6132	30525			5108	3111	180				202501		 1 280 		 1 280 	V F„laden Tr„ffpunkten Matsalen 	
62	198	3153	41632			9349	8036	130	8919			202501		-9 681 		-9 681 	V F„laden Tr„ffpunkten Matsalen 	
62	199	6132	30525			5108	3111	180				202501		 2 748 		 2 748 	V F„laden Tr„ffpunkten Matsalen 	
62	200	6132	30525			5108	3111	180				202501		 9 681 		 9 681 	V F„laden Tr„ffpunkten Matsalen 	
62	201	3153	41612			9347	8032	130	8919			202501		-2 748 		-2 748 	V F„laden Tr„ffpunkten Matsalen 	
63	202	3153	41612			9347	8032	130	0137			202501		-4 142 		-4 142 	S”dra L†nggatan   	
63	203	3153	41612			9347	8035	130	0137			202501		-1 036 		-1 036 	S”dra L†nggatan   	
63	204	6132	33105			5120	3111	180				202501		 1 036 		 1 036 	S”dra L†nggatan   	
63	205	6132	33105			5120	3111	180				202501		 4 142 		 4 142 	S”dra L†nggatan   	
64	206	6132	31032			5101	3111	180				202501		 8 303 		 8 303 	Tigern (Hvilan)	
64	207	6132	31031			5101	3111	180				202501		 320 		 320 	Tigern (Hvilan)	
64	208	6132	31000			5135	3111	180				202501		 8 303 		 8 303 	Tigern (Hvilan)	
64	209	3153	41612			9347	8035	130				202501		-320 		-320 	Tigern (Hvilan)	
64	210	3153	41621			9349	8036	130	8925			202501		-1 101 		-1 101 	Tigern (Hvilan)	
64	211	3153	41612			9349	8032	130				202501		-2 676 		-2 676 	Tigern (Hvilan)	
64	212	3153	41621			9349	8036	130	8925			202501		-12 829 		-12 829 	Tigern (Hvilan)	
65	213	6132	80350			3408	8105	180				202501		 28 832 		 28 832 	Seminariet Idrottshall	
65	214	3153	41622			9349	8036	180	8968			202501		-28 832 		-28 832 	Seminariet Idrottshall	
65	215	6132	80350			3408	8105	180				202501		 2 429 		 2 429 	Seminariet Idrottshall	
65	216	3153	41612			9347	8036	180	8968			202501		-2 429 		-2 429 	Seminariet Idrottshall	
66	217	6132	59260			9110	8105	180	001010			202501		 8 120 		 8 120 	Stadshuset	
66	218	3153	41612			9347	8035	150	001010			202501		-8 120 		-8 120 	Stadshuset	
66	219	6132	59260			9110	8105	180	001010			202501		 384 611 		 384 611 	Stadshuset 	
66	220	3153	41632			9349	8036	150	001010			202501		-384 611 		-384 611 	Stadshuset 	
67	221	6132	90005			9220	9502	180	015210			202501		 6 457 		 6 457 	Strand„ngens villor 	
67	222	3153	41621			9349	8032	120	015210			202501		-6 457 		-6 457 	Strand„ngens villor 	
68	223	3153	41622			9349	8036	170	8948			202501		-12 815 		-12 815 	Tellus idrottsv„gen 16 	
68	224	3153	41612			9347	8032	170	8948			202501		-1 684 		-1 684 	Tellus idrottsv„gen 16 	
68	225	3153	41612			9347	8035	170	8948			202501		-459 		-459 	Tellus idrottsv„gen 16 	
68	226	6132	70232			5686	7600	180				202501		 459 		 459 	Tellus idrottsv„gen 16 	
68	227	6132	70232			5686	7600	180				202501		 1 684 		 1 684 	Tellus idrottsv„gen 16 	
68	228	6132	70232			5686	7600	180				202501		 12 815 		 12 815 	Tellus idrottsv„gen 16 	
69	229	3153	41633			9349	8036	170				202501		-6 774 		-6 774 	Jourl„genheter samt kontor J„rnv„gsgatan	
69	230	6132	70210			5541	7600	180				202501		 3 387 		 3 387 	Jourl„genheter samt kontor J„rnv„gsgatan	
69	231	6132	70220			5570	7600	180				202501		 3 387 		 3 387 	Jourl„genheter samt kontor J„rnv„gsgatan	
70	232	3153	41633			9349	8036	170				202501		-3 664 		-3 664 	Kung Karl v†n 2	
70	233	3153	41612			9347	8036	170				202501		-1 903 		-1 903 	Kung Karl v†n 2	
70	234	3153	41612			9347	8035	170				202501		-411 		-411 	Kung Karl v†n 2	
70	235	6132	70285			5681	7600	180				202501		 5 978 		 5 978 	Kung Karl v†n 2	
9	236	3153	41633			9349	8036	162	0301			202501		-43 503 		-43 503 	Biblioteket	
9	237	3153	41612			9347	8036	162	0301			202501		-2 068 		-2 068 	Biblioteket	
9	238	3153	41633			9349	8036	162	0301			202501		-148 		-148 	Biblioteket	
71	239	3153	41633			9349	8032	162				202501		-102 		-102 	Tyghusetÿÿ	
71	240	6460	62400			3161	6211	180				202501		 102 		 102 	Tyghusetÿÿ	
72	241	3153	41632			9349	8032	162				202501		-152 		-152 	Teatern	
72	242	3153	41632			9349	8036	162	0014			202501		-20 694 		-20 694 	Teatern	
72	243	3153	41612			9347	8035	162				202501		-1 026 		-1 026 	Teatern	
72	244	6460	62400			3103	6211	180				202501		 152,00 		 152 	Teatern	
72	245	6132	62400			3103	6211	180				202501		 21 720,00 		 21 720 	Teatern	
35	246	6132	62500			9262	6211	180	6274			202501		 -   		 -   	™V-huset  v†n 1&2 uppsagd 20241231	
73	247	6132	91200			4071	9520	180				202501		 6 414 		 6 414 	Asmundtorp fsk	
73	248	3153	41621			9349	8000	120				202501		-6 414 		-6 414 	Asmundtorp fsk	
73	249	6132	91200			4071	9502	180	004151			202501		 12 829 		 12 829 	Asmundtorp fsk	
73	250	3153	41621			9349	8036	120	004151			202501		-12 829 		-12 829 	Asmundtorp fsk	
74	251	6132	92630			4400	9501	180	005411			202501		 2 450 		 2 450 	VEN Uranieborg skola	
74	252	3153	41633			9349	8000	120	005411			202501		-2 450 		-2 450 	VEN Uranieborg skola	
75	253	6132	91645			4071	9501	180	005431			202501		 2 450 		 2 450 	VEN Uranieborg fsk	
75	254	3153	41633			9349	8000	120	005431			202501		-2 450 		-2 450 	VEN Uranieborg fsk	
76	255	3153	41633			9349	8000	120				202501		-12 829 		-12 829 	All‚skolan matsal	
76	256	6132	92600			4400	9520	180				202501		 12 829 		 12 829 	All‚skolan matsal	
77	257	3153	41612			9347	8036	180				202501		-15 509 		-15 509 	Puls Arena	
77	258	3153	41612			9347	8035	180				202501		-962 		-962 	Puls Arena	
77	259	6132	80350			3406	8122	180	6050			202501		 16 471 		 16 471 	Puls Arena	
78	260	6132	80350			3408	8105	180				202501		 16 019 		 16 019 	Sand†kerns Idrottshall	
78	261	3153	41621			9349	8036	180	8990			202501		-16 019 		-16 019 	Sand†kerns Idrottshall	
78	262	6132	80350			3408	8105	180				202501		 9 611 		 9 611 	Sand†kerns Idrottshall	
78	263	3153	41621			9349	8036	180	8990			202501		-9 611 		-9 611 	Sand†kerns Idrottshall	
29	264	6132	80301			9388	8105	180				202501		 32 072 		 32 072 	Stadens f”rr†d 	
29	265	3153	41611			9349	8036	180	0005			202501		-32 072 		-32 072 	Stadens f”rr†d 	
29	266	6132	80301			9388	8105	180				202501		 3 208 		 3 208 	Stadens f”rr†d 	
51	267	3153	41611			9349	8036	170				202501		-64 184 		-64 184 	R†dmansgatan	
29	268	6132	80301			9388	8105	180				202501		 3 074 		 3 074 	Stadens f”rr†d 	
29	269	3153	41612			9347	8032	180	0005			202501		-3 074 		-3 074 	Stadens f”rr†d 	
29	270	6132	80301			9388	8105	180				202501		 853 		 853 	Stadens f”rr†d 	
29	271	3153	41612			9347	8035	180	0005			202501		-853 		-853 	Stadens f”rr†d 	
79	272	6132	80350			3405	8105	180				202501		 15 531 		 15 531 	Tyghuset 	
79	273	3153	41632			9349	8036	180				202501		-15 531 		-15 531 	Tyghuset 	
79	274	6132	80350			3405	8105	180				202501		 4 388 		 4 388 	Tyghuset 	
79	275	3153	41612			9347	8035	180				202501		-4 388 		-4 388 	Tyghuset 	
80	276	6132	80350			3408	8105	180				202501		 20 783 		 20 783 	V„sterv†ngskolan Idrottshall	
80	277	3153	41623			9349	8036	180	8969			202501		-20 783 		-20 783 	V„sterv†ngskolan Idrottshall	
81	278	3153	41632			9349	8036	130	0303			202501		-25 396 		-25 396 	Samordn aktivering Fr”jdenborg	
81	279	6132	30525			5108	3111	180				202501		 25 396 		 25 396 	Samordn aktivering Fr”jdenborg	
82	280	3153	41632			9349	8036	130	037111			202501		-9 740 		-9 740 	HV Centrum	
82	281	3153	41632			9349	8032	130	037111			202501		-1 812 		-1 812 	HV Centrum	
82	282	3153	41612			9347	8035	130	037111			202501		-484 		-484 	HV Centrum	
82	283	3153	41632			9349	8036	130	037111			202501		-9 740 		-9 740 	HV Fr”jdenborg	
82	284	3153	41632			9349	8032	130	037111			202501		-1 812 		-1 812 	HV Fr”jdenborg	
82	285	3153	41612			9347	8035	130	037111			202501		-484 		-484 	HV Fr”jdenborg	
82	286	3153	41632			9349	8036	130	037111			202501		-7 306 		-7 306 	Mottagningsteam	
82	287	3153	41632			9349	8032	130	037111			202501		-1 359 		-1 359 	Mottagningsteam	
82	288	3153	41612			9347	8035	130	037111			202501		-363 		-363 	Mottagningsteam	
82	289	3153	41632			9349	8036	130	037111			202501		-20 699 		-20 699 	Myndighetsenheten	
82	290	3153	41632			9349	8032	130	037111			202501		-3 852 		-3 852 	Myndighetsenheten	
82	291	3153	41612			9347	8035	130	037111			202501		-1 027 		-1 027 	Myndighetsenheten	
82	292	3153	41632			9349	8036	130	037111			202501		-13 393 		-13 393 	Omr†de st”d och service	
82	293	3153	41632			9349	8032	130	037111			202501		-2 492 		-2 492 	Omr†de st”d och service	
82	294	3153	41612			9347	8035	130	037111			202501		-665 		-665 	Omr†de st”d och service	
82	295	6132	31033			5103	3111	180				202501		 3 009 		 3 009 	Omsorgens hus, Slottsplatsen	
82	296	6132	30520			9231	3111	180				202501		 25 578 		 25 578 	Omsorgens hus, Slottsplatsen	
82	297	6132	31021			5101	3111	180				202501		 6 018 		 6 018 	Omsorgens hus, Slottsplatsen	
82	298	6132	31023			5101	3111	180				202501		 6 018 		 6 018 	Omsorgens hus, Slottsplatsen	
82	299	6132	33020			5320	3111	180	3367			202501		 10 532 		 10 532 	Omsorgens hus, Slottsplatsen	
82	300	6132	33025			5320	3111	180	3367			202501		 10 532 		 10 532 	Omsorgens hus, Slottsplatsen	
82	301	6132	33021			5101	3111	180	3367			202501		 15 046 		 15 046 	Omsorgens hus, Slottsplatsen	
82	302	6132	32000			5290	3111	180	3690			202501		 18 055 		 18 055 	Omsorgens hus, Slottsplatsen	
82	303	6132	32201			5231	3111	180				202501		 13 542 		 13 542 	Omsorgens hus, Slottsplatsen	
82	304	6132	31071			5198	3111	180				202501		 3 009 		 3 009 	Omsorgens hus, Slottsplatsen	
82	305	6132	33010			5300	3111	180				202501		 28 588 		 28 588 	Omsorgens hus, Slottsplatsen	
82	306	6132	31000			5101	3111	180				202501		 6 018 		 6 018 	Omsorgens hus, Slottsplatsen	
82	307	6132	30510			9237	3111	180				202501		 4 513 		 4 513 	Omsorgens hus, Slottsplatsen	
82	308	3153	41632			9349	8036	130	037111			202501		-20 699 		-20 699 	Rehabgruppen 	
82	309	3153	41632			9349	8032	130	037111			202501		-3 852 		-3 852 	Rehabgruppen 	
82	310	3153	41612			9347	8035	130	037111			202501		-1 027 		-1 027 	Rehabgruppen 	
82	311	3153	41632			9349	8036	130	037111			202501		-9 740 		-9 740 	Resursteam	
82	312	3153	41632			9349	8032	130	037111			202501		-1 812 		-1 812 	Resursteam	
82	313	3153	41612			9347	8035	130	037111			202501		-484 		-484 	Resursteam	
82	314	3153	41632			9349	8036	130	037111			202501		-15 220 		-15 220 	SSK-organisationen (A)	
82	315	3153	41632			9349	8032	130	037111			202501		-2 832 		-2 832 	SSK-organisationen (A)	
82	316	3153	41612			9347	8035	130	037111			202501		-756 		-756 	SSK-organisationen (A)	
82	317	3153	41632			9349	8036	130	037111			202501		-15 220 		-15 220 	SSK-organisationen (B)	
82	318	3153	41632			9349	8032	130	037111			202501		-2 832 		-2 832 	SSK-organisationen (B)	
82	319	3153	41612			9347	8035	130	037111			202501		-756 		-756 	SSK-organisationen (B)	
83	320	3153	41632			9349	8036	130	8921			202501		-5 193 		-5 193 	V F„laden S-hus Pj„sgatan 6	
83	321	3153	41612			9347	8035	130	8921			202501		-204 		-204 	V F„laden S-hus Pj„sgatan 6	
83	322	6132	30525			5108	3111	180				202501		 204 		 204 	V F„laden S-hus Pj„sgatan 6	
83	323	6132	30525			5108	3111	180				202501		 5 193 		 5 193 	V F„laden S-hus Pj„sgatan 6	
84	324	6132	90005			9220	9502	180				202501		 7 933 		 7 933 	Pil„ngskolan bibliotek	
84	325	3153	41622			9349	8036	120				202501		-7 933 		-7 933 	Pil„ngskolan bibliotek	
85	326	6132	80350			3408	8105	180				202501		 24 859 		 24 859 	™reundsgymnasiet idrottshall	
85	327	3153	41633			9349	8036	180				202501		-24 859 		-24 859 	™reundsgymnasiet idrottshall	
86	328	3153	41612			9347	8036	180	6050			202501		-9 630 		-9 630 	Puls Arena 	
86	329	6132	80350			3406	8122	180	6050			202501		 9 630 		 9 630 	Puls Arena	
87	330	6132	70014			5686	7600	180				202501		 5 031 		 5 031 	Navet 	
87	331	3153	41622			9349	8000	170				202501		-5 031 		-5 031 	Navet 	
88	332	3153	41611			9349	8036	150				202501		-9 771 		-9 771 	R†dmansgatan  (Enkla Jobb)	
88	333	6132	50103			6113	5037	180				202501		 9 771 		 9 771 	R†dmansgatan  (Enkla Jobb)	
89	334	3153	41612			9347	8035	150				202501		-1 229 		-1 229 	Emaljgatan v†ning 3, IT	
89	335	3153	41611			9349	8036	150				202501		-20 385 		-20 385 	Emaljgatan v†ning 3, IT	
89	336	6132	51300			9275	5030	180	5736			202501		 21 614 		 21 614 	Emaljgatan v†ning 3, IT	
90	337	3153	41622			9349	8036	120				202501		-998 		-998 	F”rskoleomr†de 5 Villan	
90	338	6132	91050			4071	9500	180				202501		 998 		 998 	F”rskoleomr†de 5 Villan	
91	339	3153	41633			9349	8036	130				202501		-12 840 		-12 840 	Eriksgatans dagverksamhet	
91	340	6132	31081			5101	3111	180				202501		 12 840 		 12 840 	Eriksgatans dagverksamhet	
92	341	6132	52200			9257	5161	180				202501		 1 658 		 1 658 	Karlsundsprojektet kansli	
92	342	3153	41621			9349	8036	150				202501		-1 658 		-1 658 	Karlsundsprojektet kansli	
93	343	6132	52200			9257	5161	180				202501		 153 		 153 	Karlsundsprojektet kansli best„llning	
93	344	3153	41621			9349	8036	150				202501		-153 		-153 	Karlsundsprojektet kansli best„llning	
94	345	6132	70253			5686	7600	180				202501		 7 102 		 7 102 	Tyghuset v†ning 2 IOF	
94	346	3153	41632			9349	8036	170				202501		-7 102 		-7 102 	Tyghuset v†ning 2 IOF	
95	347	6132	91625			4071	9502	180				202501		 7 247 		 7 247 	Neptun fsk 20240815-20241220	
95	348	3153	41633			9349	8036	120				202501		-7 247 		-7 247 	Neptun fsk 20240815-20241220	
96	349	6132	80601			9340	8105	180				202501		 28 993 		 28 993 	Emaljgatan 1 C v†ning 0,1,2	
96	350	3153	41611			9349	8036	180				202501		-26 535 		-26 535 	Emaljgatan 1 C v†ning 0,1,2	
96	351	3153	41612			9347	8035	180				202501		-2 457 		-2 457 	Emaljgatan 1 C v†ning 0,1,2	
97	352	6132	70231			5686	7600	180				202501		 1 325 		 1 325 	IOF Extratj„nst R†dstugan	
97	353	3153	41632			9349	8032	170				202501		-1 325 		-1 325 	IOF Extratj„nst R†dstugan	
																		
																		
																		
																		
																		
